299 160
299 159
299 158
299 157
299 156
299 155
299 154
299 153
299 152
299 151
299 150
299 149
299 148
298 147
298 146
298 145
298 144
298 143
298 142
298 141
298 140
297 139
297 138
297 137
297 136
297 135
297 134
296 133
296 132
296 131
296 130
296 129
295 128
295 127
295 126
295 125
294 124
294 123
294 122
294 121
293 120
293 119
293 118
292 117
292 116
292 115
291 114
291 113
291 112
290 111
290 110
290 109
289 108
289 107
288 106
288 105
287 104
287 103
287 102
286 101
286 100
285 99
285 98
284 97
284 96
283 95
283 94
282 93
282 92
281 91
280 90
280 89
279 88
279 87
278 86
277 85
277 84
276 83
275 82
275 81
274 80
273 79
273 78
272 77
271 76
270 75
270 74
269 73
268 72
267 71
267 70
266 69
265 68
264 67
263 66
262 65
261 64
260 63
259 62
258 61
257 60
256 59
255 58
254 57
253 56
252 55
251 54
250 53
249 52
248 52
247 51
246 50
245 49
244 49
243 48
242 47
241 46
240 46
239 45
238 44
237 44
236 43
235 42
234 42
233 41
232 40
231 40
230 39
229 39
228 38
227 37
226 37
225 36
224 36
223 35
222 35
221 34
220 34
219 33
218 33
217 32
216 32
215 32
214 31
213 31
212 30
211 30
210 29
209 29
208 29
207 28
206 28
205 28
204 27
203 27
202 27
201 26
200 26
199 26
198 25
197 25
196 25
195 25
194 24
193 24
192 24
191 24
190 23
189 23
188 23
187 23
186 23
185 22
184 22
183 22
182 22
181 22
180 22
179 21
178 21
177 21
176 21
175 21
174 21
173 21
172 21
171 20
170 20
169 20
168 20
167 20
166 20
165 20
164 20
163 20
162 20
161 20
160 20
159 20
158 20
157 20
156 20
155 20
154 20
153 20
152 20
151 20
150 20
149 20
148 20
147 21
146 21
145 21
144 21
143 21
142 21
141 21
140 21
139 22
138 22
137 22
136 22
135 22
134 22
133 23
132 23
131 23
130 23
129 23
128 24
127 24
126 24
125 24
124 25
123 25
122 25
121 25
120 26
119 26
118 26
117 27
116 27
115 27
114 28
113 28
112 28
111 29
110 29
109 29
108 30
107 30
106 31
105 31
104 32
103 32
102 32
101 33
100 33
99 34
98 34
97 35
96 35
95 36
94 36
93 37
92 37
91 38
90 39
89 39
88 40
87 40
86 41
85 42
84 42
83 43
82 44
81 44
80 45
79 46
78 46
77 47
76 48
75 49
74 49
73 50
72 51
71 52
70 52
69 53
68 54
67 55
66 56
65 57
64 58
63 59
62 60
61 61
60 62
59 63
58 64
57 65
56 66
55 67
54 68
53 69
52 71
52 70
51 72
50 73
49 75
49 74
48 76
47 77
46 79
46 78
45 80
44 82
44 81
43 83
42 85
42 84
41 86
40 88
40 87
39 90
39 89
38 91
37 93
37 92
36 95
36 94
35 97
35 96
34 99
34 98
33 101
33 100
32 104
32 103
32 102
31 106
31 105
30 108
30 107
29 111
29 110
29 109
28 114
28 113
28 112
27 117
27 116
27 115
26 120
26 119
26 118
25 124
25 123
25 122
25 121
24 128
24 127
24 126
24 125
23 133
23 132
23 131
23 130
23 129
22 139
22 138
22 137
22 136
22 135
22 134
21 147
21 146
21 145
21 144
21 143
21 142
21 141
21 140
20 160
20 159
20 158
20 157
20 156
20 155
20 154
20 153
20 152
20 151
20 150
20 149
20 148
20 161
20 162
20 163
20 164
20 165
20 166
20 167
20 168
20 169
20 170
20 171
21 172
21 173
21 174
21 175
21 176
21 177
21 178
21 179
22 180
22 181
22 182
22 183
22 184
22 185
23 186
23 187
23 188
23 189
23 190
24 191
24 192
24 193
24 194
25 195
25 196
25 197
25 198
26 199
26 200
26 201
27 202
27 203
27 204
28 205
28 206
28 207
29 208
29 209
29 210
30 211
30 212
31 213
31 214
32 215
32 216
32 217
33 218
33 219
34 220
34 221
35 222
35 223
36 224
36 225
37 226
37 227
38 228
39 229
39 230
40 231
40 232
41 233
42 234
42 235
43 236
44 237
44 238
45 239
46 240
46 241
47 242
48 243
49 244
49 245
50 246
51 247
52 248
52 249
53 250
54 251
55 252
56 253
57 254
58 255
59 256
60 257
61 258
62 259
63 260
64 261
65 262
66 263
67 264
68 265
69 266
70 267
71 267
72 268
73 269
74 270
75 270
76 271
77 272
78 273
79 273
80 274
81 275
82 275
83 276
84 277
85 277
86 278
87 279
88 279
89 280
90 280
91 281
92 282
93 282
94 283
95 283
96 284
97 284
98 285
99 285
100 286
101 286
102 287
103 287
104 287
105 288
106 288
107 289
108 289
109 290
110 290
111 290
112 291
113 291
114 291
115 292
116 292
117 292
118 293
119 293
120 293
121 294
122 294
123 294
124 294
125 295
126 295
127 295
128 295
129 296
130 296
131 296
132 296
133 296
134 297
135 297
136 297
137 297
138 297
139 297
140 298
141 298
142 298
143 298
144 298
145 298
146 298
147 298
148 299
149 299
150 299
151 299
152 299
153 299
154 299
155 299
156 299
157 299
158 299
159 299
160 299
161 299
162 299
163 299
164 299
165 299
166 299
167 299
168 299
169 299
170 299
171 299
172 298
173 298
174 298
175 298
176 298
177 298
178 298
179 298
180 297
181 297
182 297
183 297
184 297
185 297
186 296
187 296
188 296
189 296
190 296
191 295
192 295
193 295
194 295
195 294
196 294
197 294
198 294
199 293
200 293
201 293
202 292
203 292
204 292
205 291
206 291
207 291
208 290
209 290
210 290
211 289
212 289
213 288
214 288
215 287
216 287
217 287
218 286
219 286
220 285
221 285
222 284
223 284
224 283
225 283
226 282
227 282
228 281
229 280
230 280
231 279
232 279
233 278
234 277
235 277
236 276
237 275
238 275
239 274
240 273
241 273
242 272
243 271
244 270
245 270
246 269
247 268
248 267
249 267
250 266
251 265
252 264
253 263
254 262
255 261
256 260
257 259
258 258
259 257
260 256
261 255
262 254
263 253
264 252
265 251
266 250
267 248
267 249
268 247
269 246
270 244
270 245
271 243
272 242
273 240
273 241
274 239
275 237
275 238
276 236
277 234
277 235
278 233
279 231
279 232
280 229
280 230
281 228
282 226
282 227
283 224
283 225
284 222
284 223
285 220
285 221
286 218
286 219
287 215
287 216
287 217
288 213
288 214
289 211
289 212
290 208
290 209
290 210
291 205
291 206
291 207
292 202
292 203
292 204
293 199
293 200
293 201
294 195
294 196
294 197
294 198
295 191
295 192
295 193
295 194
296 186
296 187
296 188
296 189
296 190
297 180
297 181
297 182
297 183
297 184
297 185
298 172
298 173
298 174
298 175
298 176
298 177
298 178
298 179
299 161
299 162
299 163
299 164
299 165
299 166
299 167
299 168
299 169
299 170
299 171
